tensor     rows out     mr_rms  gemm_rms    dq_rms   mr_max gemm_max
K3-down      17 bf16  2.96e-03  2.99e-03  2.08e-04 1.87e-02 1.58e-02
K3-down      17 fp16  2.44e-03  2.53e-03  2.08e-04 1.12e-02 1.13e-02
K3-down      24 bf16  2.98e-03  3.00e-03  2.09e-04 1.79e-02 1.79e-02
K3-down      24 fp16  2.46e-03  2.53e-03  2.09e-04 1.23e-02 1.24e-02
K3-down      32 bf16  2.98e-03  3.00e-03  2.09e-04 1.82e-02 1.74e-02
K3-down      32 fp16  2.45e-03  2.53e-03  2.09e-04 1.27e-02 1.28e-02
K3-down      48 bf16  1.97e-03  3.00e-03  2.98e-04 1.47e-02 1.78e-02
K3-down      48 fp16  1.04e-03  2.54e-03  2.98e-04 5.12e-03 1.30e-02
K3-down      64 bf16  1.98e-03  3.00e-03  2.09e-04 1.47e-02 1.91e-02
K3-down      64 fp16  1.04e-03  2.53e-03  2.09e-04 6.10e-03 1.36e-02
K3-down      96 bf16  2.54e-03  2.99e-03  2.09e-04 1.78e-02 1.76e-02
K3-down      96 fp16  1.90e-03  2.53e-03  2.09e-04 1.62e-02 1.45e-02
K3-down     144 bf16  1.98e-03  3.00e-03  4.43e-04 1.56e-02 1.77e-02
K3-down     144 fp16  1.04e-03  2.53e-03  4.43e-04 5.38e-03 1.25e-02
K3-down     192 bf16  1.97e-03  3.00e-03  2.55e-04 1.52e-02 1.78e-02
K3-down     192 fp16  1.04e-03  2.53e-03  2.55e-04 5.65e-03 1.82e-02
K3-down     384 bf16  1.98e-03  3.00e-03  2.09e-04 1.94e-02 1.94e-02
K3-down     384 fp16  1.04e-03  2.54e-03  2.09e-04 6.15e-03 1.49e-02
K3-up        17 bf16  2.60e-03  2.79e-03  2.07e-04 1.66e-02 1.58e-02
K3-up        17 fp16  1.98e-03  2.45e-03  2.07e-04 9.83e-03 1.14e-02
K3-up        24 bf16  2.60e-03  2.81e-03  2.07e-04 1.76e-02 1.81e-02
K3-up        24 fp16  1.98e-03  2.45e-03  2.07e-04 1.01e-02 1.44e-02
K3-up        32 bf16  2.59e-03  2.80e-03  2.07e-04 2.46e-02 1.63e-02
K3-up        32 fp16  1.97e-03  2.45e-03  2.07e-04 1.10e-02 1.27e-02
K3-up        48 bf16  1.98e-03  2.81e-03  2.07e-04 1.47e-02 1.69e-02
K3-up        48 fp16  1.04e-03  2.46e-03  2.07e-04 5.89e-03 1.20e-02
K3-up        64 bf16  1.98e-03  2.81e-03  2.07e-04 1.53e-02 1.92e-02
K3-up        64 fp16  1.04e-03  2.46e-03  2.07e-04 6.49e-03 1.22e-02
K3-up        96 bf16  2.30e-03  2.80e-03  2.07e-04 1.87e-02 1.80e-02
K3-up        96 fp16  1.58e-03  2.46e-03  2.07e-04 1.17e-02 1.31e-02
K3-up       144 bf16  1.98e-03  2.80e-03  2.07e-04 1.63e-02 1.91e-02
K3-up       144 fp16  1.04e-03  2.46e-03  2.07e-04 6.23e-03 1.34e-02
K3-up       192 bf16  1.98e-03  2.80e-03  2.07e-04 1.87e-02 1.97e-02
K3-up       192 fp16  1.04e-03  2.46e-03  2.07e-04 6.52e-03 1.38e-02
K3-up       384 bf16  1.98e-03  2.80e-03  2.07e-04 1.50e-02 1.86e-02
K3-up       384 fp16  1.04e-03  2.46e-03  2.07e-04 6.24e-03 1.41e-02
K4-kproj     17 bf16  2.18e-03  2.20e-03  3.00e-04 1.92e-02 1.43e-02
K4-kproj     17 fp16  1.36e-03  1.45e-03  3.00e-04 7.12e-03 7.06e-03
K4-kproj     24 bf16  2.14e-03  2.16e-03  2.95e-04 1.69e-02 1.50e-02
K4-kproj     24 fp16  1.32e-03  1.42e-03  2.95e-04 7.67e-03 8.15e-03
K4-kproj     32 bf16  2.16e-03  2.20e-03  2.96e-04 1.67e-02 1.67e-02
K4-kproj     32 fp16  1.33e-03  1.43e-03  2.96e-04 8.17e-03 9.89e-03
K4-kproj     48 bf16  1.99e-03  2.18e-03  2.98e-04 1.75e-02 1.56e-02
K4-kproj     48 fp16  1.04e-03  1.44e-03  2.98e-04 5.79e-03 9.74e-03
K4-kproj     64 bf16  1.98e-03  2.17e-03  2.95e-04 1.70e-02 1.70e-02
K4-kproj     64 fp16  1.04e-03  1.44e-03  2.95e-04 5.58e-03 7.73e-03
K4-kproj     96 bf16  2.04e-03  2.17e-03  2.93e-04 1.57e-02 1.65e-02
K4-kproj     96 fp16  1.15e-03  1.45e-03  2.93e-04 6.82e-03 1.23e-02
K4-kproj    144 bf16  1.98e-03  2.17e-03  2.95e-04 1.81e-02 1.80e-02
K4-kproj    144 fp16  1.04e-03  1.44e-03  2.95e-04 7.15e-03 9.41e-03
K4-kproj    192 bf16  1.97e-03  2.16e-03  2.95e-04 1.70e-02 1.93e-02
K4-kproj    192 fp16  1.04e-03  1.45e-03  2.95e-04 5.91e-03 8.06e-03
K4-kproj    384 bf16  1.98e-03  2.17e-03  2.97e-04 1.73e-02 1.86e-02
K4-kproj    384 fp16  1.04e-03  1.44e-03  2.97e-04 6.90e-03 1.11e-02
K4-kproj      1 bf16  1.98e-03  1.98e-03  3.10e-04 9.57e-03 9.53e-03
K4-kproj      1 fp16  1.03e-03  1.15e-03  3.10e-04 4.03e-03 4.41e-03
K4-kproj      8 bf16  1.99e-03  1.99e-03  2.91e-04 1.67e-02 1.67e-02
K4-kproj      8 fp16  1.03e-03  1.12e-03  2.91e-04 5.03e-03 4.98e-03
K4-kproj     16 bf16  1.98e-03  2.17e-03  2.92e-04 2.32e-02 3.05e-02
K4-kproj     16 fp16  1.03e-03  1.43e-03  2.92e-04 5.40e-03 8.64e-03
K4-mtp-up    17 bf16  2.58e-03  2.93e-03  2.08e-04 3.04e-02 3.04e-02
K4-mtp-up    17 fp16  1.96e-03  2.45e-03  2.08e-04 1.55e-02 1.96e-02
K4-mtp-up    24 bf16  2.58e-03  2.95e-03  2.07e-04 2.61e-02 2.34e-02
K4-mtp-up    24 fp16  1.96e-03  2.46e-03  2.07e-04 1.47e-02 2.03e-02
K4-mtp-up    32 bf16  2.58e-03  2.93e-03  2.08e-04 2.60e-02 3.14e-02
K4-mtp-up    32 fp16  1.95e-03  2.45e-03  2.08e-04 2.08e-02 2.34e-02
K4-mtp-up    48 bf16  1.98e-03  2.94e-03  2.08e-04 2.58e-02 3.78e-02
K4-mtp-up    48 fp16  1.04e-03  2.45e-03  2.08e-04 9.03e-03 1.82e-02
K4-mtp-up    64 bf16  1.98e-03  2.94e-03  2.08e-04 2.71e-02 2.79e-02
K4-mtp-up    64 fp16  1.04e-03  2.45e-03  2.08e-04 8.56e-03 2.24e-02
K4-mtp-up    96 bf16  2.31e-03  2.94e-03  2.08e-04 3.27e-02 3.57e-02
K4-mtp-up    96 fp16  1.58e-03  2.45e-03  2.08e-04 1.71e-02 2.36e-02
K4-mtp-up   144 bf16  1.98e-03  2.94e-03  2.08e-04 2.08e-02 3.46e-02
K4-mtp-up   144 fp16  1.04e-03  2.45e-03  2.08e-04 1.03e-02 2.19e-02
K4-mtp-up   192 bf16  1.98e-03  2.94e-03  2.08e-04 2.56e-02 2.92e-02
K4-mtp-up   192 fp16  1.04e-03  2.45e-03  2.08e-04 1.16e-02 2.36e-02
K4-mtp-up   384 bf16  1.98e-03  2.94e-03  2.08e-04 3.42e-02 3.42e-02
K4-mtp-up   384 fp16  1.04e-03  2.45e-03  2.08e-04 1.21e-02 2.96e-02
K4-mtp-up     1 bf16  1.99e-03  2.95e-03  2.98e-04 1.49e-02 1.74e-02
K4-mtp-up     1 fp16  1.05e-03  2.47e-03  2.98e-04 6.04e-03 1.06e-02
K4-mtp-up     8 bf16  1.99e-03  2.95e-03  2.53e-04 2.22e-02 2.73e-02
K4-mtp-up     8 fp16  1.04e-03  2.46e-03  2.53e-04 1.03e-02 2.14e-02
K4-mtp-up    16 bf16  1.98e-03  2.94e-03  2.07e-04 1.87e-02 2.43e-02
K4-mtp-up    16 fp16  1.04e-03  2.45e-03  2.07e-04 6.74e-03 1.82e-02
K4-oproj     17 bf16  2.45e-03  2.35e-03  2.06e-04 1.79e-02 1.79e-02
K4-oproj     17 fp16  1.78e-03  1.72e-03  2.06e-04 1.19e-02 9.51e-03
K4-oproj     24 bf16  2.46e-03  2.35e-03  2.07e-04 1.76e-02 1.63e-02
K4-oproj     24 fp16  1.79e-03  1.74e-03  2.07e-04 1.39e-02 1.27e-02
K4-oproj     32 bf16  2.45e-03  2.36e-03  2.08e-04 1.93e-02 1.78e-02
K4-oproj     32 fp16  1.80e-03  1.73e-03  2.08e-04 1.65e-02 1.57e-02
K4-oproj     48 bf16  1.98e-03  2.36e-03  2.97e-04 2.21e-02 2.21e-02
K4-oproj     48 fp16  1.04e-03  1.73e-03  2.97e-04 1.05e-02 1.05e-02
K4-oproj     64 bf16  1.97e-03  2.36e-03  2.08e-04 2.61e-02 2.61e-02
K4-oproj     64 fp16  1.04e-03  1.73e-03  2.08e-04 9.35e-03 1.80e-02
K4-oproj     96 bf16  2.20e-03  2.36e-03  2.07e-04 2.70e-02 2.08e-02
K4-oproj     96 fp16  1.42e-03  1.73e-03  2.07e-04 1.80e-02 2.36e-02
K4-oproj    144 bf16  1.98e-03  2.36e-03  4.52e-04 2.44e-02 2.28e-02
K4-oproj    144 fp16  1.04e-03  1.74e-03  4.52e-04 8.89e-03 1.29e-02
K4-oproj    192 bf16  1.98e-03  2.36e-03  2.58e-04 2.34e-02 2.35e-02
K4-oproj    192 fp16  1.04e-03  1.73e-03  2.58e-04 9.86e-03 1.65e-02
K4-oproj    384 bf16  1.98e-03  2.36e-03  2.07e-04 2.51e-02 2.91e-02
K4-oproj    384 fp16  1.04e-03  1.73e-03  2.07e-04 1.27e-02 1.75e-02
K4-oproj      1 bf16  2.02e-03  2.42e-03  2.06e-04 1.14e-02 1.35e-02
K4-oproj      1 fp16  1.06e-03  1.75e-03  2.06e-04 5.36e-03 6.57e-03
K4-oproj      8 bf16  1.98e-03  2.37e-03  2.95e-04 2.39e-02 2.39e-02
K4-oproj      8 fp16  1.04e-03  1.73e-03  2.95e-04 7.29e-03 1.54e-02
K4-oproj     16 bf16  1.98e-03  2.36e-03  2.94e-04 1.62e-02 1.59e-02
K4-oproj     16 fp16  1.04e-03  1.74e-03  2.94e-04 7.85e-03 1.40e-02
K5-kproj     17 bf16  2.15e-03  2.14e-03  2.94e-04 1.46e-02 1.46e-02
K5-kproj     17 fp16  1.32e-03  1.42e-03  2.94e-04 5.60e-03 6.96e-03
K5-kproj     24 bf16  2.15e-03  2.14e-03  2.95e-04 1.24e-02 1.56e-02
K5-kproj     24 fp16  1.36e-03  1.43e-03  2.95e-04 5.91e-03 6.14e-03
K5-kproj     32 bf16  2.15e-03  2.15e-03  3.00e-04 1.51e-02 1.39e-02
K5-kproj     32 fp16  1.35e-03  1.46e-03  3.00e-04 5.59e-03 6.39e-03
K5-kproj     48 bf16  1.99e-03  2.15e-03  2.97e-04 1.65e-02 1.39e-02
K5-kproj     48 fp16  1.04e-03  1.45e-03  2.97e-04 5.20e-03 6.29e-03
K5-kproj     64 bf16  1.98e-03  2.14e-03  2.95e-04 1.82e-02 1.50e-02
K5-kproj     64 fp16  1.04e-03  1.43e-03  2.95e-04 4.93e-03 7.24e-03
K5-kproj     96 bf16  2.05e-03  2.15e-03  2.93e-04 1.73e-02 1.77e-02
K5-kproj     96 fp16  1.15e-03  1.44e-03  2.93e-04 6.00e-03 6.79e-03
K5-kproj    144 bf16  1.98e-03  2.14e-03  2.94e-04 1.55e-02 1.55e-02
K5-kproj    144 fp16  1.04e-03  1.44e-03  2.94e-04 5.08e-03 6.72e-03
K5-kproj    192 bf16  1.98e-03  2.14e-03  2.96e-04 1.56e-02 1.52e-02
K5-kproj    192 fp16  1.04e-03  1.44e-03  2.96e-04 5.47e-03 7.01e-03
K5-kproj    384 bf16  1.98e-03  2.15e-03  2.98e-04 1.78e-02 1.59e-02
K5-kproj    384 fp16  1.04e-03  1.45e-03  2.98e-04 5.37e-03 6.92e-03
K4-lmhead    17 bf16  2.71e-03  4.09e-03  2.08e-04 2.37e-02 2.76e-02
K4-lmhead    17 fp16  2.12e-03  3.75e-03  2.08e-04 1.17e-02 2.29e-02
K4-lmhead    24 bf16  2.71e-03  4.07e-03  2.08e-04 2.62e-02 2.94e-02
K4-lmhead    24 fp16  2.13e-03  3.72e-03  2.08e-04 1.25e-02 2.44e-02
K4-lmhead    32 bf16  2.72e-03  4.10e-03  2.08e-04 2.28e-02 2.92e-02
K4-lmhead    32 fp16  2.14e-03  3.75e-03  2.08e-04 1.31e-02 2.36e-02
K4-lmhead    48 bf16  1.98e-03  4.07e-03  2.08e-04 2.00e-02 2.84e-02
K4-lmhead    48 fp16  1.04e-03  3.73e-03  2.08e-04 7.94e-03 2.32e-02
K4-lmhead    64 bf16  1.98e-03  4.07e-03  2.08e-04 2.09e-02 2.86e-02
K4-lmhead    64 fp16  1.04e-03  3.73e-03  2.08e-04 8.04e-03 2.42e-02
K4-lmhead    96 bf16  2.48e-03  4.07e-03  2.08e-04 2.70e-02 2.88e-02
K4-lmhead    96 fp16  1.81e-03  3.73e-03  2.08e-04 1.77e-02 2.85e-02
K4-lmhead   144 bf16  1.98e-03  4.09e-03  2.08e-04 2.36e-02 3.01e-02
K4-lmhead   144 fp16  1.05e-03  3.75e-03  2.08e-04 7.61e-03 2.48e-02
K4-lmhead   192 bf16  1.98e-03  4.07e-03  2.51e-04 2.24e-02 3.32e-02
K4-lmhead   192 fp16  1.04e-03  3.73e-03  2.51e-04 7.80e-03 2.68e-02
K4-lmhead   384 bf16  1.98e-03  4.09e-03  2.08e-04 2.23e-02 3.04e-02
K4-lmhead   384 fp16  1.04e-03  3.75e-03  2.08e-04 7.75e-03 2.71e-02
K4-lmhead     1 bf16  1.99e-03  4.10e-03  2.94e-04 2.13e-02 2.34e-02
K4-lmhead     1 fp16  1.06e-03  3.76e-03  2.94e-04 5.91e-03 2.29e-02
K4-lmhead     8 bf16  1.99e-03  4.09e-03  2.92e-04 1.99e-02 2.83e-02
K4-lmhead     8 fp16  1.05e-03  3.75e-03  2.92e-04 6.33e-03 2.39e-02
K4-lmhead    16 bf16  1.97e-03  4.04e-03  2.89e-04 2.01e-02 3.11e-02
K4-lmhead    16 fp16  1.03e-03  3.70e-03  2.89e-04 6.37e-03 2.72e-02
# 150 cases; mr rms <= exl3_gemm rms in 140, mr max <= exl3_gemm max in 121; worst mr rms 2.98e-03, worst mr max 3.42e-02
