1790740746.055 12732 4740
1790740746.589 429712 211348
1790740747.123 499672 273976
1790740747.660 646952 346120
1790740748.197 680732 379840
1790740748.737 719000 417920
1790740749.276 751036 445264
1790740749.815 754468 448696
1790740750.355 761260 454092
1790740750.893 771896 461592
1790740751.430 822036 501012
1790740752.039 867800 524244
1790740752.572 937000 564948
1790740753.113 963216 585888
1790740753.653 1053044 639888
1790740754.252 1953344 1112640
1790740754.869 2296632 1425760
1790740755.406 2594252 1582040
1790740755.944 1383136 962640
1790740756.484 1537312 1116816
1790740757.023 1598560 1178064
1790740757.562 1598560 1178064
1790740758.101 1684360 1263864
1790740758.640 1794448 1373952
1790740759.177 1800248 1379752
1790740759.716 1800248 1379752
1790740760.253 1926176 1505680
1790740760.792 1890496 1470000
1790740761.329 1890496 1470000
1790740761.864 1969956 1549460
1790740762.402 1973200 1552704
1790740762.940 1973200 1552704
1790740763.478 2032336 1611840
1790740764.016 2052216 1631720
1790740764.549 2492800 1846024
1790740765.093 2563976 1909488
1790740765.630 2637284 1976480
1790740766.172 2747368 2017556
1790740766.714 2786308 2056308
1790740767.253 2812700 2077712
1790740767.795 2826320 2089932
1790740768.337 2843808 2099704
1790740768.881 2889516 2139296
1790740769.420 2956224 2165024
1790740769.960 3042520 2215476
1790740770.504 3094872 2253268
1790740771.147 4022000 2745644
1790740771.695 4353836 3054516
1790740772.242 4675404 3147636
1790740772.787 3655404 2685672
1790740773.330 3683916 2714184
1790740773.873 3821460 2851728
1790740774.417 3844428 2874696
1790740774.960 3844428 2874696
1790740775.503 3955836 2986104
1790740776.044 3951192 2981460
1790740776.586 3967388 2997656
1790740777.128 3967388 2997656
1790740777.670 4050544 3080812
1790740778.217 3934012 2953204
1790740778.765 3979372 2997924
1790740779.312 4024952 3037996
1790740779.860 4074452 3086792
1790740780.405 4053876 3080808
1790740780.949 4105200 3131172
1790740781.487 4129848 3155436
1790740782.029 4169052 3193936
1790740782.573 4226352 3250660
1790740783.117 4257768 3282076
1790740783.663 4282584 3306892
1790740784.208 4329312 3353620
1790740784.755 4375752 3399804
1790740785.298 4408644 3432248
1790740785.845 4424928 3448340
1790740786.390 4477332 3500040
1790740786.934 4530036 3551720
1790740787.478 4582680 3603404
1790740788.022 4596384 3616852
1790740788.565 4626228 3646120
1790740789.109 4468056 3487308
1790740789.653 3935196 2963792
1790740790.197 3985956 3013912
1790740790.741 4036776 3064028
1790740791.286 4062864 3089604
1790740791.831 4107144 3133116
1790740792.375 4159788 3184800
1790740792.919 4172376 3197196
1790740793.464 4231200 3255508
1790740794.009 4283736 3308044
1790740794.555 4300632 3324940
1790740795.098 4341288 3365596
1790740795.637 4391604 3415464
1790740796.181 4443744 3466900
1790740796.727 4460880 3483780
1790740797.270 4491660 3514112
1790740797.814 4543836 3565264
1790740798.359 4595688 3616156
1790740798.903 4647804 3667312
1790740799.446 4658868 3678120
1790740799.989 3927452 2956548
1790740800.533 3952120 2980524
1790740801.071 4002352 3030116
1790740801.614 4052764 3079696
1790740802.147 4102180 3128216
1790740802.688 4145932 3171200
1790740803.226 4166356 3191240
1790740803.769 4224184 3248492
1790740804.311 4276456 3300764
1790740804.853 4282000 3306308
1790740805.394 4331104 3355412
1790740805.931 4378924 3402912
1790740806.472 4425928 3449340
1790740807.016 4434496 3457780
1790740807.560 4473256 3496028
1790740808.105 4522468 3544280
1790740808.649 4570564 3591480
1790740809.193 4620508 3640528
1790740809.738 4627756 3647648
1790740810.282 4658656 3677972
1790740810.827 3933788 2962884
1790740811.371 3975328 3003476
1790740811.916 4024828 3052272
1790740812.461 4075096 3101580
1790740813.005 4101652 3127688
1790740813.548 4141648 3166980
1790740814.091 4192912 3217348
1790740814.633 4221544 3245852
1790740815.177 4259032 3283340
1790740815.722 4310512 3334820
1790740816.266 4360204 3384448
1790740816.809 4362904 3387084
1790740817.354 4412872 3436412
1790740817.898 4463632 3486532
1790740818.440 4514632 3536636
1790740818.983 4537816 3559308
1790740819.526 4560616 3581724
1790740820.069 4611940 3632088
1790740820.612 4658980 3678232
1790740821.157 3940956 2970052
1790740821.700 3979388 3007472
1790740822.244 4001864 3029628
1790740822.783 4052216 3079212
1790740823.326 4075664 3102148
1790740823.870 4120472 3146188
1790740824.414 4171472 3196292
1790740824.956 4182476 3207104
1790740825.503 4240592 3264900
1790740826.053 4293128 3317436
1790740826.597 4323752 3348060
1790740827.140 4348568 3372876
1790740827.683 4398212 3421944
1790740828.227 4448972 3472064
1790740828.771 4488584 3511100
1790740829.317 4493720 3516108
1790740829.865 4545896 3567260
1790740830.410 4597424 3617892
1790740830.953 4648748 3668256
1790740831.496 4007316 2972300
1790740832.036 4056180 2979612
1790740832.582 4058544 2981752
1790740833.118 4100684 3023432
1790740833.664 4122572 3045064
1790740834.209 4174712 3096500
1790740834.753 4194752 3116284
1790740835.296 4242908 3163480
1790740835.842 4295756 3215432
1790740836.386 4305968 3225452
1790740836.930 4358876 3277400
1790740837.472 4418864 3337324
1790740838.016 4445000 3363460
1790740838.558 4475360 3393820
1790740839.101 4528808 3447140
1790740839.645 4582268 3499896
1790740840.188 4612988 3530232
1790740840.732 4628012 3545000
1790740841.276 4682180 3598272
1790740841.820 4735940 3651008
1790740842.365 4789964 3704008
1790740842.909 4824092 3737496
1790740843.453 4824356 3737760
1790740843.984 6017068 3856764
1790740844.547 7660568 4010728
1790740845.082 8824124 3969100
1790740845.656 10315208 4035352
1790740846.188 11754008 4005032
1790740846.755 13075116 3986364
1790740847.286 14360132 4042644
1790740847.845 15725820 4090956
1790740848.373 16219876 3970244
1790740848.912 4945328 3866448
1790740849.457 4347648 3268768
1790740850.002 4358972 3277264
1790740850.545 4408352 3326068
1790740851.088 4458380 3375392
1790740851.632 4508384 3424436
1790740852.175 4558004 3473224
1790740852.719 4583504 3498276
1790740853.262 4617368 3531500
1790740853.807 4675364 3589304
1790740854.350 4726844 3640784
1790740854.894 4732124 3646064
1790740855.437 4778852 3692792
1790740855.981 4828760 3742124
1790740856.524 4879844 3792504
1790740857.067 4905224 3817564
1790740857.611 4922096 3834180
1790740858.154 4973744 3884804
1790740858.697 5024804 3934904
1790740859.240 5075864 3985004
1790740859.782 4360456 3279148
1790740860.326 4365636 3283864
1790740860.869 4416924 3334512
1790740861.412 4438020 3355352
1790740861.956 4486320 3402820
1790740862.500 4538964 3454504
1790740863.043 4550496 3465844
1790740863.587 4602612 3517000
1790740864.131 4661112 3575052
1790740864.677 4674840 3588780
1790740865.221 4716552 3630492
1790740865.759 4767768 3681708
1790740866.294 4816764 3730256
1790740866.838 4836276 3749512
1790740867.383 4862712 3775628
1790740867.927 4915116 3827328
1790740868.471 4967880 3879004
1790740869.014 5019672 3929900
1790740869.557 5036604 3946512
1790740870.101 5057292 3966816
1790740870.643 4563928 3472748
1790740871.186 4376140 3294240
1790740871.729 4426636 3344096
1790740872.272 4477252 3393944
1790740872.814 4520800 3436660
1790740873.357 4541488 3456964
1790740873.901 4593280 3507860
1790740874.443 4651432 3565372
1790740874.986 4655392 3569332
1790740875.528 4707928 3621868
1790740876.072 4760200 3674140
1790740876.614 4809868 3723488
1790740877.157 4809868 3723488
1790740877.696 4858516 3771496
1790740878.240 4909336 3821612
1790740878.784 4959076 3870392
1790740879.328 5002564 3913112
1790740879.872 5002564 3913112
1790740880.416 5047432 3957148
1790740880.959 5084952 3993772
1790740881.503 4369916 3288356
1790740882.048 4416616 3333952
1790740882.593 4467964 3384596
1790740883.137 4483840 3400152
1790740883.677 4535428 3450780
1790740884.221 4586956 3501412
1790740884.762 4594996 3509324
1790740885.305 4653940 3567628
1790740885.850 4705948 3619636
1790740886.389 4737364 3651052
1790740886.929 4757692 3671380
1790740887.474 4808944 3722312
1790740888.017 4860028 3772692
1790740888.560 4911316 3823340
1790740889.103 4912960 3824920
1790740889.647 4953280 3864472
1790740890.190 5005132 3915364
1790740890.733 5056984 3966256
1790740891.277 4611324 3519892
1790740891.820 4368892 3287332
1790740892.365 4393644 3311300
1790740892.908 4444404 3361420
1790740893.452 4461600 3378296
1790740893.996 4513188 3428924
1790740894.539 4557204 3472172
1790740895.082 4575192 3489840
1790740895.625 4627308 3540996
1790740896.170 4685916 3599604
1790740896.714 4697796 3611484
1790740897.256 4739772 3653460
1790740897.799 4790844 3704404
1790740898.344 4842924 3755844
1790740898.884 4863756 3776420
1790740899.428 4886760 3799104
1790740899.968 4938756 3850268
1790740900.510 4990932 3901420
1790740901.054 5043576 3953104
1790740901.597 5069400 3978416
1790740902.141 5079084 3987908
1790740902.685 5827872 3701216
1790740903.231 4373716 3294436
1790740903.776 4373716 3294436
1790740904.321 4289444 3209304
1790740904.864 4295896 3209360
1790740905.408 4296004 3209348
1790740905.953 4296004 3209348
1790740906.497 4296004 3209348
1790740907.040 4296004 3209348
1790740907.583 4296004 3209348
1790740908.126 4296004 3209348
1790740908.669 4296004 3209348
1790740909.213 4296004 3209348
1790740909.757 4296004 3209348
1790740910.301 4296020 3209364
1790740910.845 4296816 3210160
1790740911.388 4299700 3213044
1790740911.932 4302544 3215888
1790740912.476 4305364 3218708
1790740913.018 4308412 3221756
1790740913.562 4311092 3224436
1790740914.106 4311740 3225084
1790740914.649 4325988 3239332
1790740915.192 4325192 3237288
1790740915.735 4325200 3237296
1790740916.280 4337664 3249376
1790740916.825 4379428 3253716
1790740917.370 4380132 3254292
1790740917.916 4380732 3254828
1790740918.459 4382788 3256884
1790740919.004 4384828 3258796
1790740919.550 4424956 3284848
1790740920.094 4385644 3259612
1790740920.637 4385668 3259636
1790740921.183 4421600 3281784
1790740921.728 4409980 3271348
1790740922.272 4385728 3259632
1790740922.816 4386184 3260088
1790740923.361 4386920 3260824
1790740923.905 4390000 3263852
1790740924.449 4390724 3264576
1790740924.993 4393016 3266804
1790740925.542 4413276 3276636
1790740926.086 4393760 3267292
1790740926.630 4394084 3267616
1790740927.177 4394108 3267640
1790740927.720 4394352 3267884
1790740928.267 4394668 3268200
1790740928.810 4395064 3268596
1790740929.353 4395836 3269368
1790740929.897 4395868 3269400
1790740930.441 4396212 3269744
1790740930.988 4422708 3282496
1790740931.533 4432368 3292004
1790740932.076 4396376 3269908
1790740932.623 4420776 3280868
1790740933.162 4397180 3270712
1790740933.706 4397268 3270800
1790740934.250 4397332 3270800
1790740934.795 4418460 3281444
1790740935.338 4398832 3272172
1790740935.879 4399100 3272440
1790740936.422 4400544 3273884
1790740936.965 4402296 3275636
1790740937.508 4403788 3277128
1790740938.044 4406660 3280000
1790740938.590 4408296 3281636
1790740939.136 4409472 3282812
1790740939.682 4426440 3291796
1790740940.226 4409728 3283068
1790740940.768 4409744 3283084
1790740941.312 4410356 3283696
1790740941.859 4410356 3283696
1790740942.401 4410372 3283712
1790740942.945 4410424 3283764
1790740943.488 4410952 3284292
1790740944.032 4411132 3284472
1790740944.578 4437180 3296992
1790740945.123 4436168 3296236
1790740945.670 4437804 3297308
1790740946.213 4412092 3285432
1790740946.756 4414416 3287756
1790740947.301 4415772 3289112
1790740947.843 4415772 3289112
1790740948.388 4415772 3289112
1790740948.931 4415772 3289112
1790740949.475 4415776 3289116
1790740950.019 4415776 3289116
1790740950.562 4415780 3289120
1790740951.105 4415780 3289120
1790740951.649 4415788 3289128
1790740952.192 4415792 3289132
1790740952.734 4415796 3289136
1790740953.277 4415800 3289140
1790740953.821 4415996 3289336
1790740954.365 4417356 3290696
1790740954.908 4417924 3291264
1790740955.452 4418980 3292320
1790740956.000 4436536 3301816
1790740956.546 4446144 3305896
1790740957.089 4419064 3292404
1790740957.634 4420052 3293392
1790740958.178 4422208 3295548
1790740958.721 4424836 3298176
1790740959.265 4426548 3299888
1790740959.809 4429704 3303044
1790740960.352 4430696 3304036
1790740960.894 4432704 3306044
1790740961.434 4432968 3306308
1790740961.977 4432988 3306328
1790740962.520 4432988 3306328
1790740963.063 4432988 3306328
1790740963.607 4432988 3306328
1790740964.149 4432988 3306328
1790740964.692 4433024 3306364
1790740965.236 4433024 3306364
1790740965.780 4433024 3306364
1790740966.327 4433024 3306364
1790740966.871 4433024 3306364
1790740967.414 4433024 3306364
1790740967.957 4433024 3306364
1790740968.500 4433028 3306368
1790740969.045 4433032 3306372
1790740969.588 4433036 3306376
1790740970.132 4433052 3306392
1790740970.675 4433052 3306392
1790740971.218 4433052 3306392
1790740971.761 4433052 3306392
1790740972.304 4433052 3306392
1790740972.847 4433056 3306396
1790740973.390 4433060 3306400
1790740973.934 4433060 3306400
1790740974.480 4448404 3314012
1790740975.024 4433064 3306404
1790740975.568 4433068 3306408
1790740976.111 4433052 3306392
1790740976.655 4433056 3306396
1790740977.199 4433060 3306400
1790740977.743 4433060 3306400
1790740978.286 4433064 3306404
1790740978.830 4433852 3307192
1790740979.373 4434052 3307392
1790740979.917 4434052 3307392
1790740980.462 4434052 3307392
1790740981.000 4437352 3310692
1790740981.544 4437352 3310692
1790740982.089 4437352 3310692
1790740982.632 4437364 3310704
1790740983.176 4438808 3312148
1790740983.720 4438808 3312148
1790740984.263 4438808 3312148
1790740984.802 4438808 3312148
1790740985.346 4443664 3317004
1790740985.889 4443664 3317004
1790740986.433 4445084 3318424
1790740986.977 4445088 3318428
1790740987.520 4446896 3320236
1790740988.063 4447960 3321300
1790740988.606 4450108 3323448
1790740989.149 4450772 3324112
1790740989.692 4458660 3332000
1790740990.237 4460772 3334112
1790740990.771 4463020 3336360
1790740991.312 4465644 3338984
1790740991.852 4465644 3338984
1790740992.396 4466028 3339368
1790740992.940 4466028 3339368
1790740993.483 4466028 3339368
1790740994.026 4466028 3339368
1790740994.568 4466028 3339368
1790740995.112 4471832 3345172
1790740995.656 4471840 3345180
1790740996.198 4472636 3345976
1790740996.742 4474480 3347820
1790740997.285 4474484 3347824
1790740997.828 4474484 3347824
1790740998.372 4474484 3347824
1790740998.916 4479992 3353332
1790740999.459 4479996 3353336
1790741000.002 4479996 3353336
1790741000.545 4481708 3355048
1790741001.089 4483296 3356636
1790741001.631 4483308 3356648
1790741002.174 4483316 3356656
1790741002.713 4483316 3356656
1790741003.256 4489724 3363064
1790741003.800 4490532 3363872
1790741004.344 4492528 3365868
1790741004.888 4494604 3367944
1790741005.431 4494608 3367948
1790741005.975 4494608 3367948
1790741006.515 4494612 3367952
1790741007.059 4494612 3367952
1790741007.599 4494612 3367952
1790741008.143 4494612 3367952
1790741008.686 4500312 3373652
1790741009.230 4500312 3373652
1790741009.772 4500776 3374116
1790741010.315 4502580 3375920
1790741010.857 4502580 3375920
1790741011.400 4502580 3375920
1790741011.943 4502580 3375920
1790741012.487 4508592 3381932
1790741013.029 4508592 3381932
1790741013.572 4508592 3381932
1790741014.115 4510128 3383468
1790741014.657 4511992 3385332
1790741015.200 4512020 3385360
1790741015.740 4512024 3385364
1790741016.284 4512024 3385364
1790741016.827 4517908 3391248
1790741017.371 4522252 3395592
1790741017.914 4526396 3399608
1790741018.458 4530884 3404096
1790741018.997 4530884 3404096
1790741019.541 4531004 3404216
1790741020.085 4531104 3404316
1790741020.629 4537328 3410540
1790741021.172 4537328 3410540
1790741021.717 4542484 3415696
1790741022.260 4550048 3423260
1790741022.802 4562584 3435796
1790741023.345 4578160 3451372
1790741023.888 4811188 3684400
1790741024.435 4789584 3641144
1790741024.978 4775388 3634392
1790741025.521 4777536 3636028
1790741026.062 4778260 3636752
1790741026.603 4779892 3638384
1790741027.142 4781976 3640468
1790741027.684 4783948 3642440
1790741028.228 4786664 3645156
1790741028.774 4825824 3670968
1790741029.319 4798124 3656616
1790741029.857 4801036 3659528
1790741030.401 4801036 3659528
1790741030.946 4829540 3674360
1790741031.490 4801040 3659532
1790741032.030 4801044 3659536
1790741032.572 4807888 3666380
1790741033.117 4807944 3666436
1790741033.660 4812604 3671096
1790741034.203 4814712 3673204
1790741034.748 4816000 3674492
1790741035.294 4846980 3692160
1790741035.837 4818840 3677268
1790741036.380 4818840 3677268
1790741036.928 4848480 3692740
1790741037.474 4818840 3677268
1790741038.015 4819724 3677896
1790741038.558 4819724 3677896
1790741039.102 4821376 3679548
1790741039.645 4824276 3682448
1790741040.188 4824372 3682544
1790741040.734 4862616 3706976
1790741041.278 4827732 3685904
1790741041.823 4827732 3685904
1790741042.366 4827732 3685904
1790741042.911 4827732 3685904
1790741043.456 4858328 3701120
1790741043.996 4829048 3687220
1790741044.540 4831000 3689172
1790741045.083 4831000 3689172
1790741045.627 4831000 3689172
1790741046.167 4837160 3695332
1790741046.715 4877544 3721524
1790741047.260 4866672 3717268
1790741047.807 4880700 3725044
1790741048.351 4851204 3709376
1790741048.892 4851204 3709376
1790741049.439 4851204 3709376
1790741049.985 4880940 3724864
1790741050.528 4858144 3715384
1790741051.072 4861356 3718596
1790741051.616 4870856 3728096
1790741052.159 4870856 3728096
1790741052.701 4872752 3729992
1790741053.248 4872752 3729992
1790741053.791 4875468 3732708
1790741054.335 4879424 3736664
1790741054.878 4882592 3739832
1790741055.422 4941636 3784676
1790741055.964 4884548 3741788
1790741056.504 4884548 3741788
1790741057.048 4885184 3742424
1790741057.591 4885708 3742948
1790741058.137 4895212 3752452
1790741058.679 4955212 3798436
1790741059.223 4895780 3753020
1790741059.763 4895780 3753020
1790741060.308 4928516 3771884
1790741060.853 4895780 3753020
1790741061.396 4895780 3753020
1790741061.938 4895780 3753020
1790741062.484 4895780 3753020
1790741063.026 4895780 3753020
1790741063.569 4895780 3753020
1790741064.116 4931308 3774800
1790741064.660 4931692 3774872
1790741065.206 4932196 3775188
1790741065.753 4924052 3769732
1790741066.299 4929468 3772528
1790741066.843 4897872 3755112
1790741067.381 4897872 3755112
1790741067.925 4897872 3755112
1790741068.469 4897872 3755112
1790741069.012 4897880 3755120
1790741069.552 4897928 3755168
1790741070.098 4943228 3786288
1790741070.642 4900668 3757908
1790741071.182 4901624 3758864
1790741071.728 4928628 3770588
1790741072.274 4936284 3779472
1790741072.820 4932992 3776836
1790741073.364 4906144 3763384
1790741073.911 4906836 3764076
1790741074.456 4930208 3776848
1790741075.003 4934976 3779344
1790741075.547 4910268 3767508
1790741076.090 4911688 3768928
1790741076.634 4914116 3771356
1790741077.177 4916744 3773984
1790741077.720 4917324 3774564
1790741078.265 4917440 3774680
1790741078.808 4918248 3775488
1790741079.352 4918248 3775488
1790741079.898 4920288 3777528
1790741080.441 4924100 3781340
1790741080.987 4929020 3786260
1790741081.529 4929280 3786520
1790741082.068 4930216 3787456
1790741082.615 4975508 3818704
1790741083.158 4963008 3806748
1790741083.698 4949964 3799520
1790741084.241 4936236 3793476
1790741084.782 4936872 3794112
1790741085.329 4937192 3794432
1790741085.872 4937720 3794960
1790741086.416 4969488 3814780
1790741086.961 4981948 3824368
1790741087.504 4982000 3824420
1790741088.047 4984828 3827184
1790741088.590 4984828 3827184
1790741089.130 4984828 3827184
1790741089.674 4984828 3827184
1790741090.219 4990196 3832552
1790741090.763 4991200 3833556
1790741091.308 4991200 3833556
1790741091.852 4991200 3833556
1790741092.395 4991216 3833572
1790741092.940 4994260 3836616
1790741093.487 5022900 3851336
1790741094.030 4996368 3838724
1790741094.572 4996384 3838740
1790741095.112 4996368 3838724
1790741095.655 4997708 3840064
1790741096.198 4997712 3840068
1790741096.742 5000296 3842652
1790741097.285 5006012 3848368
1790741097.828 5006012 3848368
1790741098.372 5047940 3885000
1790741098.916 5072792 3909532
1790741099.460 5072916 3909656
1790741100.003 5084384 3920996
1790741100.545 5101508 3938120
1790741101.089 5128252 3964864
1790741101.638 5182152 4011112
1790741102.178 5283948 4107792
1790741102.722 5289696 4113040
1790741103.269 5292064 4114852
1790741103.817 5370976 4193508
1790741104.358 5128392 3965004
1790741104.902 5133760 3968056
1790741105.445 5134324 3968620
1790741105.990 5134324 3968620
1790741106.534 5143276 3974500
1790741107.077 5189356 4012808
1790741107.620 5189356 4012808
1790741108.159 5189356 4012808
1790741108.703 5944452 4013036
1790741109.246 6909636 4013036
1790741109.788 7871388 4013036
1790741110.331 8834988 4013036
1790741110.874 9802020 4013036
1790741111.418 10757964 4013036
1790741111.961 11719188 4013036
1790741112.505 12687540 4013036
1790741113.047 13655100 4013036
1790741113.590 14624772 4013036
1790741114.133 15592068 4013036
1790741114.674 16555932 4013036
1790741115.216 17527452 4013036
1790741115.760 18493164 4013036
1790741116.299 18795972 4013036
1790741116.843 18795972 4013036
1790741117.387 18797232 4013780
1790741117.931 18797956 4014504
1790741118.476 18803744 4015224
1790741119.017 18835436 4045084
1790741119.562 18901616 4109688
1790741120.105 18961200 4116424
1790741120.649 18963916 4118856
1790741121.192 19649788 4122988
1790741121.736 21781852 4122988
1790741122.279 23899924 4122988
1790741122.823 26025388 4122988
1790741123.366 28151116 4122988
1790741123.910 30278164 4122988
1790741124.454 32407324 4122988
1790741124.997 32492420 4039640
1790741125.541 32492680 4039900
1790741126.084 32492680 4039900
1790741126.628 32566096 4113008
1790741127.170 32568472 4115384
1790741127.710 32568472 4115384
1790741128.253 32641336 4188248
1790741128.797 32641336 4188248
1790741129.339 32701000 4247912
1790741129.881 32754856 4301768
1790741130.424 32754856 4301768
1790741130.965 32813728 4360640
1790741131.508 32883424 4430336
1790741132.052 32883424 4430336
1790741132.597 32914576 4461488
1790741133.140 32973184 4520096
1790741133.684 32973184 4520096
1790741134.227 33056608 4603520
1790741134.772 33128048 4674960
1790741135.316 32895532 4442444
1790741135.860 32895532 4442444
1790741136.404 32895532 4442444
1790741136.945 32946216 4493128
1790741137.489 32946216 4493128
1790741138.028 32946216 4493128
1790741138.572 32972616 4519528
1790741139.116 32972616 4519528
1790741139.658 32972616 4519528
1790741140.201 32962464 4509376
1790741140.735 32864672 4408252
1790741141.278 32864672 4408252
1790741141.825 32864672 4408252
