1790740509.461 12748 4740
1790740509.999 436924 216208
1790740510.538 501260 275680
1790740511.077 647016 346292
1790740511.615 681028 380244
1790740512.153 719536 418564
1790740512.692 750748 444996
1790740513.226 754604 448852
1790740513.765 761992 454788
1790740514.304 772720 462380
1790740514.845 821972 500876
1790740515.445 894604 532304
1790740515.976 939048 567228
1790740516.514 965028 587708
1790740517.053 1060248 646088
1790740517.593 1987400 1134060
1790740518.135 2306288 1435096
1790740518.679 2600252 1587712
1790740519.217 1383332 962608
1790740519.755 1538036 1117312
1790740520.292 1598756 1178032
1790740520.830 1598756 1178032
1790740521.368 1676108 1255384
1790740521.904 1780388 1359664
1790740522.440 1809916 1389192
1790740522.977 1809916 1389192
1790740523.511 1939276 1518552
1790740524.049 1891712 1470988
1790740524.587 1891712 1470988
1790740525.121 1979092 1558368
1790740525.659 1956284 1535560
1790740526.197 1956284 1535560
1790740526.734 2023600 1602876
1790740527.272 2112832 1692108
1790740527.863 2503744 1856168
1790740528.408 2571768 1917024
1790740528.953 2717672 1988852
1790740529.494 2753872 2023776
1790740530.035 2792816 2062532
1790740530.573 2819400 2084184
1790740531.115 2837212 2098404
1790740531.659 2857004 2111396
1790740532.203 2895812 2145504
1790740532.747 2967120 2175020
1790740533.291 3073268 2236136
1790740533.836 3119256 2268728
1790740534.362 4029152 2753828
1790740534.908 4338124 3038796
1790740535.451 4673236 3152888
1790740535.995 3647940 2678220
1790740536.539 3690180 2720460
1790740537.074 3827724 2858004
1790740537.611 3850692 2880972
1790740538.153 3850692 2880972
1790740538.696 3962100 2992380
1790740539.236 3958496 2988776
1790740539.778 3974712 3004992
1790740540.321 3974712 3004992
1790740540.864 4056812 3087092
1790740541.406 3941544 2960920
1790740541.948 3984096 3002716
1790740542.497 4029080 3042268
1790740543.047 4080428 3092912
1790740543.586 4059176 3086120
1790740544.129 4110704 3136752
1790740544.671 4135676 3161276
1790740545.214 4176788 3201620
1790740545.756 4235348 3259668
1790740546.299 4263596 3287916
1790740546.841 4295012 3319332
1790740547.384 4348076 3372396
1790740547.929 4399772 3423580
1790740548.471 4414472 3438088
1790740549.014 4452440 3475544
1790740549.558 4506284 3528556
1790740550.100 4559780 3581028
1790740550.642 4602212 3622692
1790740551.184 4604912 3625328
1790740551.724 4658408 3677800
1790740552.268 3931088 2960196
1790740552.810 3969340 2997628
1790740553.353 4020100 3047748
1790740553.896 4068988 3095740
1790740554.438 4089940 3116308
1790740554.981 4141996 3167468
1790740555.523 4170724 3195684
1790740556.066 4212772 3237092
1790740556.609 4265044 3289364
1790740557.151 4306492 3330812
1790740557.695 4322860 3347180
1790740558.238 4375048 3399176
1790740558.780 4426864 3450352
1790740559.323 4466740 3489652
1790740559.868 4474192 3497040
1790740560.411 4526308 3548196
1790740560.955 4578424 3599352
1790740561.498 4630540 3650508
1790740562.041 4664668 3683996
1790740562.583 4664668 3683996
1790740563.126 3935832 2964504
1790740563.670 3986268 3014364
1790740564.213 4036824 3064216
1790740564.755 4087620 3114052
1790740565.299 4138356 3163892
1790740565.841 4151796 3177076
1790740566.383 4203648 3227968
1790740566.928 4263312 3287632
1790740567.471 4284960 3309280
1790740568.014 4322712 3347032
1790740568.557 4374636 3398764
1790740569.101 4426980 3450468
1790740569.644 4440624 3463920
1790740570.186 4476216 3499000
1790740570.729 4528596 3550420
1790740571.274 4580712 3601576
1790740571.817 4632828 3652732
1790740572.361 4633620 3653524
1790740572.904 4659784 3679048
1790740573.443 3941540 2970648
1790740573.983 3990328 3018360
1790740574.526 4041148 3068476
1790740575.069 4092004 3118308
1790740575.612 4107556 3133604
1790740576.155 4158820 3183972
1790740576.698 4217416 3241736
1790740577.242 4227448 3251768
1790740577.786 4278928 3303248
1790740578.330 4331200 3355520
1790740578.875 4368808 3393000
1790740579.413 4384036 3408036
1790740579.957 4436908 3460268
1790740580.500 4489108 3511700
1790740581.041 4542076 3563644
1790740581.578 4543720 3565224
1790740582.123 4590700 3611372
1790740582.664 4643872 3663584
1790740583.208 3949732 2978840
1790740583.750 3965484 2993836
1790740584.294 3997584 3025488
1790740584.835 4040364 3067692
1790740585.377 4081536 3108032
1790740585.921 4109940 3135988
1790740586.464 4162056 3187144
1790740587.009 4188348 3212988
1790740587.551 4231944 3256264
1790740588.094 4285008 3309328
1790740588.636 4329624 3353944
1790740589.178 4341768 3366088
1790740589.721 4393080 3417016
1790740590.265 4445220 3468452
1790740590.803 4494456 3516984
1790740591.345 4494456 3516984
1790740591.890 4542084 3563652
1790740592.434 4594200 3614808
1790740592.976 4646052 3665700
1790740593.520 3954864 2973812
1790740594.065 4062776 2986356
1790740594.604 4063892 2987192
1790740595.148 4104184 3027024
1790740595.691 4125544 3048128
1790740596.235 4177096 3099040
1790740596.774 4200628 3122252
1790740597.320 4244764 3165492
1790740597.863 4296556 3216388
1790740598.406 4307560 3227200
1790740598.950 4358296 3277040
1790740599.493 4417084 3335636
1790740600.032 4450612 3369164
1790740600.580 4470676 3389228
1790740601.120 4522948 3441500
1790740601.664 4573444 3491356
1790740602.207 4618864 3536200
1790740602.753 4618864 3536200
1790740603.296 4667368 3583936
1790740603.840 4719280 3634824
1790740604.385 4771132 3685716
1790740604.928 4822192 3735816
1790740605.472 4829968 3743464
1790740606.039 5426568 3801716
1790740606.583 6900932 3855408
1790740607.142 8309088 3953868
1790740607.671 9431404 3914520
1790740608.241 10940392 3981332
1790740608.774 12379592 3960244
1790740609.305 13621148 4002888
1790740609.858 14934736 4018300
1790740610.386 17914036 5340448
1790740610.916 10749588 3917216
1790740611.448 4294528 3215740
1790740611.989 4294528 3215740
1790740612.523 4294528 3215740
1790740613.061 4294528 3215740
1790740613.601 4294528 3215740
1790740614.144 4294528 3215740
1790740614.683 4294528 3215740
1790740615.222 4294528 3215740
1790740615.760 4294528 3215740
1790740616.300 4294528 3215740
1790740616.844 4294528 3215740
1790740617.386 4294528 3215740
1790740617.930 4294528 3215740
1790740618.475 4294528 3215740
1790740619.020 4323400 3241648
1790740619.558 4373632 3291240
1790740620.101 4424836 3341612
1790740620.645 4476688 3392504
1790740621.189 4528216 3443136
1790740621.731 4536784 3451576
1790740622.275 4595788 3509876
1790740622.818 4648588 3562676
1790740623.362 4678156 3592244
1790740623.907 4702180 3616268
1790740624.452 4753432 3667200
1790740624.996 4805308 3718372
1790740625.541 4850992 3763480
1790740626.084 4850992 3763480
1790740626.628 4900996 3812524
1790740627.171 4953376 3863944
1790740627.716 5005756 3915364
1790740628.261 4453444 3362412
1790740628.804 4310324 3229164
1790740629.348 4348660 3266588
1790740629.890 4383928 3301408
1790740630.433 4418260 3335164
1790740630.977 4470640 3386584
1790740631.521 4485664 3401352
1790740632.066 4535080 3449872
1790740632.609 4593820 3507908
1790740633.153 4621012 3535100
1790740633.699 4650580 3564668
1790740634.242 4703908 3617996
1790740634.785 4755424 3669192
1790740635.330 4782184 3695568
1790740635.874 4802488 3715616
1790740636.417 4854628 3767052
1790740636.961 4907332 3818732
1790740637.503 4959388 3869892
1790740638.046 4982512 3892568
1790740638.589 4997596 3907332
1790740639.135 4769940 3678908
1790740639.682 4318372 3236684
1790740640.230 4369924 3287596
1790740640.775 4421656 3338496
1790740641.320 4466788 3382796
1790740641.863 4485832 3401520
1790740642.407 4537948 3452676
1790740642.953 4596892 3510980
1790740643.497 4601380 3515468
1790740644.041 4654708 3568796
1790740644.586 4708036 3622124
1790740645.129 4755856 3669624
1790740645.672 4757236 3670940
1790740646.215 4810432 3723432
1790740646.758 4864156 3776452
1790740647.301 4917976 3829184
1790740647.843 4948552 3859248
1790740648.388 4960408 3870848
1790740648.931 5014696 3924112
1790740649.474 4317752 3236340
1790740650.020 4336432 3254236
1790740650.565 4387192 3304356
1790740651.105 4422844 3339432
1790740651.650 4454068 3370016
1790740652.195 4506388 3421440
1790740652.739 4534852 3449392
1790740653.282 4567336 3481300
1790740653.827 4626592 3540428
1790740654.370 4679392 3593228
1790740654.913 4683352 3597188
1790740655.457 4733248 3647084
1790740656.000 4784068 3697200
1790740656.544 4836472 3748900
1790740657.089 4858948 3771056
1790740657.633 4880164 3791888
1790740658.179 4933396 3844096
1790740658.722 4986040 3895780
1790740659.266 5036044 3944824
1790740659.809 4313656 3232244
1790740660.353 4323708 3241704
1790740660.898 4375260 3292616
1790740661.441 4396416 3313452
1790740661.984 4443660 3359864
1790740662.527 4495776 3411020
1790740663.072 4506252 3421304
1790740663.616 4558044 3472200
1790740664.159 4616688 3530524
1790740664.703 4643880 3557716
1790740665.247 4672128 3585964
1790740665.793 4725720 3639556
1790740666.337 4777008 3690204
1790740666.883 4809576 3722388
1790740667.428 4822164 3734784
1790740667.971 4874892 3786744
1790740668.515 4927068 3837896
1790740669.059 4979448 3889316
1790740669.602 5015484 3924648
1790740670.144 5015484 3924648
1790740670.687 6065940 3939496
1790740671.233 4317928 3238860
1790740671.779 4317928 3238860
1790740672.321 4232640 3153508
1790740672.866 4666432 3586504
1790740673.411 4762444 3682516
1790740673.953 4812196 3732140
1790740674.498 4834108 3754052
1790740675.042 4851004 3770948
1790740675.585 4884532 3804476
1790740676.130 4518564 3434980
1790740676.675 4523996 3437248
1790740677.219 4527724 3440976
1790740677.762 4531428 3444680
1790740678.305 4535044 3448296
1790740678.848 4538516 3451768
1790740679.390 4539728 3452980
1790740679.933 4539764 3453016
1790740680.477 4539784 3453036
1790740681.020 4539784 3453036
1790740681.564 4539832 3453084
1790740682.108 4540372 3453624
1790740682.652 4541340 3454592
1790740683.196 4541960 3455212
1790740683.741 4543852 3457104
1790740684.280 4545832 3459084
1790740684.824 4547728 3460980
1790740685.369 4549776 3463028
1790740685.913 4551104 3464356
1790740686.458 4560284 3473536
1790740687.002 4561592 3473660
1790740687.545 4561600 3473668
1790740688.088 4570316 3482384
1790740688.632 4707432 3619500
1790740689.177 4840924 3752992
1790740689.721 4853428 3765432
1790740690.264 4866880 3778884
1790740690.801 4866880 3778884
1790740691.345 4866880 3778884
1790740691.888 4875064 3787068
1790740692.433 4875408 3787412
1790740692.976 4882716 3794720
1790740693.519 4887724 3799728
1790740694.064 4903504 3815508
1790740694.607 4909192 3821196
1790740695.150 4956684 3868624
1790740695.694 5138672 4050612
1790740696.238 5161348 4047632
1790740696.784 5180216 4061580
1790740697.327 5180480 4061844
1790740697.871 5208500 4089864
1790740698.415 5208548 4089848
1790740698.959 5208548 4089848
1790740699.504 5302776 4176464
1790740700.048 5302776 4176464
1790740700.592 5313520 4183624
1790740701.136 5371180 4233576
1790740701.681 5371180 4233576
1790740702.224 5371440 4233836
1790740702.769 6135516 4233940
1790740703.311 7099908 4233940
1790740703.854 8060340 4233940
1790740704.398 9026316 4233940
1790740704.940 9995460 4233940
1790740705.484 10966980 4233940
1790740706.027 11938236 4233940
1790740706.570 12905268 4233940
1790740707.108 13860684 4233940
1790740707.652 14831148 4233940
1790740708.195 15798444 4233940
1790740708.739 16770756 4233940
1790740709.281 17747292 4233940
1790740709.823 18723036 4233940
1790740710.365 18978060 4233940
1790740710.905 18978060 4233940
1790740711.447 18984072 4234560
1790740711.991 19075004 4321956
1790740712.533 19095240 4342192
1790740713.077 19160004 4353892
1790740713.620 19160792 4354680
1790740714.165 20588032 4358616
1790740714.709 22711648 4358616
1790740715.253 24841864 4358616
1790740715.797 26972080 4358616
1790740716.341 29107576 4358616
1790740716.885 31247296 4358616
1790740717.429 32694556 4280776
1790740717.972 32694816 4281036
1790740718.516 32694816 4281036
1790740719.061 32720184 4306096
1790740719.601 32775624 4361536
1790740720.146 32775624 4361536
1790740720.693 32792520 4378432
1790740721.237 32836080 4421992
1790740721.779 32836080 4421992
1790740722.321 32867760 4453672
1790740722.862 32911056 4496968
1790740723.406 32911056 4496968
1790740723.949 33003720 4589632
1790740724.493 33073680 4659592
1790740725.037 33073680 4659592
1790740725.581 33094536 4680448
1790740726.125 33163704 4749616
1790740726.668 33163704 4749616
1790740727.212 33204624 4790536
1790740727.757 33311872 4897784
1790740728.300 33085904 4671816
1790740728.843 33085904 4671816
1790740729.387 33085904 4671816
1790740729.930 33110188 4696100
1790740730.475 33136588 4722500
1790740731.020 33136588 4722500
1790740731.564 33162988 4748900
1790740732.109 33162988 4748900
1790740732.652 33162988 4748900
1790740733.190 33189388 4775300
1790740733.735 33055620 4638200
1790740734.278 33055620 4638200
1790740734.821 33055620 4638200
